#
#Tue Mar 12 00:36:35 MSK 2013
zoom=7
lat=52.34907776070832
lon=36.691246032714844
