#
#Tue Dec 11 00:48:26 MSK 2012
zoom=5
lat=53.962852413203755
lon=36.251792907714844
