#
#Tue Dec 27 21:13:27 MSK 2011
zoom=13
lat=64.16474076634762
lon=28.206024169921875
