#
#Sat Jan 14 01:31:13 MSK 2012
zoom=11
lat=60.645252519122984
lon=30.07781982421875
