#
#Sat Dec 31 21:45:52 MSK 2011
zoom=15
lat=64.14895190024562
lon=28.236708641052246
