#
#Thu Dec 01 00:57:19 MSK 2011
zoom=11
lat=58.86703472565714
lon=34.050750732421875
