#
#Sat Jan 21 01:02:28 MSK 2012
zoom=11
lat=60.443629972121556
lon=30.298404693603516
