#
#Thu Mar 29 01:27:25 MSD 2012
zoom=11
lat=60.166023549310594
lon=30.998268127441406
