#
#Mon Dec 12 21:57:10 MSK 2011
zoom=12
lat=42.53436220976737
lon=44.40502166748047
