#
#Fri Apr 06 22:45:20 MSD 2012
zoom=9
lat=47.22155011898026
lon=55.57331085205078
