#
#Sun Nov 13 20:38:05 MSK 2011
zoom=11
lat=56.10612974593509
lon=36.46293640136719
