#
#Mon Jan 09 19:29:38 MSK 2012
zoom=13
lat=60.8060830730267
lon=30.298404693603516
