#
#Sat Jan 14 19:08:52 MSK 2012
zoom=14
lat=60.420293066339774
lon=30.303726196289062
