#
#Sun Nov 25 13:00:45 MSK 2012
zoom=12
lat=41.71072646427658
lon=45.29937744140625
