#
#Sun Nov 13 23:27:41 MSK 2011
zoom=11
lat=56.32757880500671
lon=36.78291320800781
