#
#Sun Mar 04 13:26:18 MSK 2012
zoom=11
lat=63.43120572175547
lon=33.23089599609375
