#
#Wed Nov 09 20:56:40 MSK 2011
zoom=11
lat=55.83754237010198
lon=36.441650390625
