#
#Wed Mar 26 20:24:48 MSK 2014
zoom=7
lat=47.665734176002445
lon=23.375816345214844
