#
#Wed Mar 26 22:19:42 MSK 2014
zoom=7
lat=52.03253493069382
lon=-4.430580139160156
