#
#Mon Sep 01 02:02:13 MSK 2014
zoom=5
lat=50.2885715127805
lon=34.981842041015625
