#
#Wed Mar 26 21:46:51 MSK 2014
zoom=7
lat=48.70580274816373
lon=26.155357360839844
