#
#Fri Feb 13 19:56:54 AST 2015
zoom=12
lat=60.04247499863305
lon=30.476245880126953
