#
#Tue Jun 03 02:01:25 MSK 2014
zoom=11
lat=36.293959326414715
lon=27.96947479248047
