#
#Sun Jan 29 20:53:04 MSK 2012
zoom=6
lat=56.572298287945586
lon=36.5544319152832
