#
#Wed May 30 11:46:28 MSD 2012
zoom=12
lat=42.09809503890895
lon=45.47962188720703
