#
#Sun Jan 29 18:58:59 MSK 2012
zoom=6
lat=55.75257393967205
lon=36.2907600402832
