#
#Sun Dec 25 01:29:10 MSK 2011
zoom=13
lat=41.69957665997156
lon=44.812889099121094
