#
#Sun Jan 29 01:12:15 MSK 2012
zoom=6
lat=60.490338097389056
lon=29.391345977783203
