#
#Sat Jan 14 01:53:04 MSK 2012
zoom=12
lat=60.606014254114854
lon=29.907188415527344
