#
#Sun Nov 20 20:42:08 MSK 2011
zoom=9
lat=60.39621860539766
lon=30.61614990234375
